[camera]
coef=-0.3367832298987028 0.13877236584372495 -0.00014103345259337512 -0.0005068647871317793 -0.03319010959772676
coef_default=-0.3367832298987028 0.13877236584372495 -0.00014103345259337512 -0.0005068647871317793 -0.03319010959772676
matrix=256.18345795228066 0.0 165.325821985101 0.0 256.243095501516 124.9584129411839 0.0 0.0 1.0
matrix_default=256.18345795228066 0.0 165.325821985101 0.0 256.243095501516 124.9584129411839 0.0 0.0 1.0
perspective=117 154 209 158 50 215 279 228
